geneid	chr	s1	s2
ENSG00000178591	20	87250	87250
ENSG00000125788	20	142590	142590
ENSG00000088782	20	157454	157454
ENSG00000185982	20	189711	189711
ENSG00000125903	20	227258	227258
ENSG00000186458	20	257724	257724
ENSG00000272874	20	267186	267186
ENSG00000196476	20	290778	290778
ENSG00000247315	20	297570	297570
ENSG00000286158	20	311731	311731
ENSG00000225377	20	348490	348490
ENSG00000177732	20	325595	325595
ENSG00000125841	20	346782	346782
ENSG00000101255	20	362835	362835
ENSG00000125826	20	407498	407498
ENSG00000125875	20	462543	462543
ENSG00000101266	20	543835	543835
ENSG00000125878	20	610398	610398
ENSG00000271303	20	653370	653370
ENSG00000215397	20	675802	675802
ENSG00000101276	20	776015	776015
ENSG00000125898	20	833715	833715
ENSG00000101280	20	916334	916334
ENSG00000101282	20	1002311	1002311
ENSG00000286787	20	1118467	1118467
ENSG00000125818	20	1113240	1113240
ENSG00000125895	20	1185415	1185415
ENSG00000215595	20	1203454	1203454
ENSG00000244588	20	1226056	1226056
ENSG00000101298	20	1266280	1266280
ENSG00000125775	20	1329139	1329139
ENSG00000234684	20	1325405	1325405
ENSG00000229728	20	1361622	1361622
ENSG00000088832	20	1393172	1393172
ENSG00000088833	20	1473842	1473842
ENSG00000196209	20	1491587	1491587
ENSG00000125900	20	1557705	1557705
ENSG00000101307	20	1620061	1620061
ENSG00000089012	20	1657779	1657779
ENSG00000237914	20	1633508	1633508
ENSG00000286288	20	1817765	1817765
ENSG00000276649	20	1894374	1894374
ENSG00000198053	20	1894167	1894167
ENSG00000233896	20	1947246	1947246
ENSG00000101327	20	1994285	1994285
ENSG00000125834	20	2101827	2101827
ENSG00000286108	20	2109991	2109991
ENSG00000287213	20	2194074	2194074
ENSG00000287561	20	2207397	2207397
ENSG00000226644	20	2207217	2207217
ENSG00000125780	20	2296001	2296001
ENSG00000166948	20	2380901	2380901
ENSG00000125835	20	2470853	2470853
ENSG00000088876	20	2524702	2524702
ENSG00000149488	20	2536607	2536607
ENSG00000101361	20	2652593	2652593
ENSG00000101365	20	2664219	2664219
ENSG00000228293	20	2664352	2664352
ENSG00000088881	20	2692878	2692878
ENSG00000088882	20	2800627	2800627
ENSG00000258713	20	2814987	2814987
ENSG00000198326	20	2816302	2816302
ENSG00000132635	20	2841190	2841190
ENSG00000215305	20	2840703	2840703
ENSG00000132670	20	2864184	2864184
ENSG00000125787	20	3043622	3043622
ENSG00000125901	20	3046052	3046052
ENSG00000101405	20	3071620	3071620
ENSG00000101200	20	3084724	3084724
ENSG00000235958	20	3106913	3106913
ENSG00000185019	20	3160196	3160196
ENSG00000215251	20	3159865	3159865
ENSG00000088899	20	3173592	3173592
ENSG00000198171	20	3204685	3204685
ENSG00000125877	20	3208868	3208868
ENSG00000088836	20	3239559	3239559
ENSG00000277287	20	3239705	3239705
ENSG00000088854	20	3407625	3407625
ENSG00000088812	20	3471018	3471018
ENSG00000125861	20	3663399	3663399
ENSG00000149451	20	3682246	3682246
ENSG00000088827	20	3707128	3707128
ENSG00000132622	20	3732685	3732685
ENSG00000101220	20	3768387	3768387
ENSG00000101222	20	3781448	3781448
ENSG00000125817	20	3786740	3786740
ENSG00000101224	20	3786772	3786772
ENSG00000275491	20	3808357	3808357
ENSG00000125843	20	3820524	3820524
ENSG00000088888	20	3846799	3846799
ENSG00000229539	20	3888868	3888868
ENSG00000125779	20	3888839	3888839
ENSG00000275582	20	3923400	3923400
ENSG00000101236	20	4015558	4015558
ENSG00000205300	20	4075165	4075165
ENSG00000088826	20	4120980	4120980
ENSG00000230176	20	4192932	4192932
ENSG00000171873	20	4249287	4249287
ENSG00000236387	20	4431732	4431732
ENSG00000238282	20	4475638	4475638
ENSG00000171867	20	4686350	4686350
ENSG00000171864	20	4721909	4721909
ENSG00000180259	20	4740668	4740668
ENSG00000278595	20	4761300	4761300
ENSG00000101265	20	4823608	4823608
ENSG00000089057	20	5010293	5010293
ENSG00000277087	20	5046276	5046276
ENSG00000276768	20	5050321	5050321
ENSG00000278816	20	5061340	5061340
ENSG00000277425	20	5068154	5068154
ENSG00000089063	20	5113103	5113103
ENSG00000132646	20	5126626	5126626
ENSG00000101290	20	5126879	5126879
ENSG00000101292	20	5314369	5314369
ENSG00000266908	20	5318268	5318268
ENSG00000276688	20	5407564	5407564
ENSG00000226995	20	5471094	5471094
ENSG00000230563	20	5445838	5445838
ENSG00000205181	20	5526709	5526709
ENSG00000225640	20	5510002	5510002
ENSG00000235820	20	5533628	5533628
ENSG00000125772	20	5611006	5611006
ENSG00000171984	20	5750393	5750393
ENSG00000089199	20	5911510	5911510
ENSG00000089195	20	5950558	5950558
ENSG00000125885	20	5950652	5950652
ENSG00000278719	20	6005821	6005821
ENSG00000275632	20	6000418	6000418
ENSG00000088766	20	6006093	6006093
ENSG00000125872	20	6054060	6054060
ENSG00000278192	20	6067897	6067897
ENSG00000101311	20	6123544	6123544
ENSG00000229876	20	6446723	6446723
ENSG00000228482	20	6736326	6736326
ENSG00000125845	20	6767686	6767686
ENSG00000232271	20	7069614	7069614
ENSG00000228888	20	7254202	7254202
ENSG00000238102	20	7258323	7258323
ENSG00000261249	20	7307432	7307432
ENSG00000224711	20	7347451	7347451
ENSG00000101323	20	7940458	7940458
ENSG00000125827	20	8019805	8019805
ENSG00000229766	20	8019180	8019180
ENSG00000182621	20	8077251	8077251
ENSG00000225479	20	8248704	8248704
ENSG00000101333	20	9068763	9068763
ENSG00000225988	20	9514998	9514998
ENSG00000125869	20	9514358	9514358
ENSG00000101349	20	9839041	9839041
ENSG00000286740	20	9562941	9562941
ENSG00000232738	20	9575608	9575608
ENSG00000286470	20	9835556	9835556
ENSG00000243961	20	9986088	9986088
ENSG00000132623	20	9986126	9986126
ENSG00000227906	20	10368776	10368776
ENSG00000230506	20	10172522	10172522
ENSG00000232448	20	10172701	10172701
ENSG00000132639	20	10218830	10218830
ENSG00000286936	20	10318753	10318753
ENSG00000125863	20	10434222	10434222
ENSG00000285508	20	10431922	10431922
ENSG00000285723	20	10420737	10420737
ENSG00000149346	20	10435305	10435305
ENSG00000101384	20	10673999	10673999
ENSG00000270792	20	10672695	10672695
ENSG00000224961	20	10696949	10696949
ENSG00000234900	20	10765286	10765286
ENSG00000232900	20	10909279	10909279
ENSG00000125899	20	10996293	10996293
ENSG00000270777	20	11001304	11001304
ENSG00000230990	20	11301525	11301525
ENSG00000282478	20	11541647	11541647
ENSG00000287754	20	11581335	11581335
ENSG00000261411	20	11687323	11687323
ENSG00000228422	20	11878429	11878429
ENSG00000132640	20	11890723	11890723
ENSG00000236526	20	11918677	11918677
ENSG00000235292	20	12318221	12318221
ENSG00000230437	20	12316485	12316485
ENSG00000233048	20	12952519	12952519
ENSG00000269931	20	12937097	12937097
ENSG00000286087	20	12936262	12936262
ENSG00000234265	20	12950288	12950288
ENSG00000172296	20	13008972	13008972
ENSG00000101230	20	13221274	13221274
ENSG00000226263	20	13239674	13239674
ENSG00000225956	20	13245369	13245369
ENSG00000278153	20	13368703	13368703
ENSG00000089123	20	13638932	13638932
ENSG00000089048	20	13784886	13784886
ENSG00000101247	20	13785007	13785007
ENSG00000101251	20	13996443	13996443
ENSG00000172264	20	13995369	13995369
ENSG00000125848	20	14337614	14337614
ENSG00000287062	20	14523314	14523314
ENSG00000227927	20	14554384	14554384
ENSG00000235914	20	14929528	14929528
ENSG00000237832	20	14935363	14935363
ENSG00000225181	20	15552885	15552885
ENSG00000286546	20	15985876	15985876
ENSG00000287410	20	16259603	16259603
ENSG00000089177	20	16573434	16573434
ENSG00000273998	20	16576068	16576068
ENSG00000275728	20	16580258	16580258
ENSG00000228809	20	16730948	16730948
ENSG00000125870	20	16729961	16729961
ENSG00000125879	20	16748358	16748358
ENSG00000236985	20	16864148	16864148
ENSG00000286571	20	17221913	17221913
ENSG00000287241	20	17226146	17226146
ENSG00000125851	20	17226107	17226107
ENSG00000125864	20	17569220	17569220
ENSG00000277373	20	17565851	17565851
ENSG00000125868	20	17570075	17570075
ENSG00000125844	20	17682295	17682295
ENSG00000125888	20	17693672	17693672
ENSG00000233625	20	17888160	17888160
ENSG00000089006	20	17968980	17968980
ENSG00000125850	20	18059188	18059188
ENSG00000125871	20	17969018	17969018
ENSG00000229262	20	18059493	18059493
ENSG00000232838	20	18137863	18137863
ENSG00000149474	20	18138118	18138118
ENSG00000287954	20	18271069	18271069
ENSG00000125846	20	18288283	18288283
ENSG00000230010	20	18359300	18359300
ENSG00000237259	20	18315111	18315111
ENSG00000237282	20	18379049	18379049
ENSG00000089091	20	18467281	18467281
ENSG00000132664	20	18467389	18467389
ENSG00000089050	20	18497225	18497225
ENSG00000101310	20	18507520	18507520
ENSG00000232388	20	18567347	18567347
ENSG00000125821	20	18587893	18587893
ENSG00000233993	20	18698709	18698709
ENSG00000179935	20	18794579	18794579
ENSG00000273148	20	18794529	18794529
ENSG00000149443	20	18830153	18830153
ENSG00000132631	20	18813783	18813783
ENSG00000274863	20	19056796	19056796
ENSG00000287430	20	19212164	19212164
ENSG00000185052	20	19212642	19212642
ENSG00000235996	20	19213477	19213477
ENSG00000179447	20	19284596	19284596
ENSG00000232675	20	19697576	19697576
ENSG00000268628	20	19758037	19758037
ENSG00000132669	20	19757606	19757606
ENSG00000173418	20	20017310	20017310
ENSG00000101343	20	20056046	20056046
ENSG00000089101	20	20052514	20052514
ENSG00000241054	20	20095684	20095684
ENSG00000225417	20	20215262	20215262
ENSG00000243810	20	20267809	20267809
ENSG00000173404	20	20368104	20368104
ENSG00000188559	20	20712644	20712644
ENSG00000234104	20	20970448	20970448
ENSG00000225127	20	21106514	21106514
ENSG00000283405	20	21089696	21089696
ENSG00000088970	20	21125983	21125983
ENSG00000228604	20	21162890	21162890
ENSG00000232712	20	21218289	21218289
ENSG00000275457	20	21303704	21303704
ENSG00000088930	20	21303331	21303331
ENSG00000125816	20	21397526	21397526
ENSG00000225280	20	21397740	21397740
ENSG00000278041	20	21502934	21502934
ENSG00000125820	20	21514064	21514064
ENSG00000258197	20	21511447	21511447
ENSG00000233492	20	21530122	21530122
ENSG00000279082	20	21569976	21569976
ENSG00000280350	20	21703585	21703585
ENSG00000125813	20	21705659	21705659
ENSG00000238034	20	21947647	21947647
ENSG00000234435	20	22054074	22054074
ENSG00000234862	20	22220554	22220554
ENSG00000225321	20	22284029	22284029
ENSG00000204684	20	22471557	22471557
ENSG00000259974	20	22578642	22578642
ENSG00000125798	20	22585455	22585455
ENSG00000237396	20	22607517	22607517
ENSG00000230400	20	22685344	22685344
ENSG00000283072	20	22684958	22684958
ENSG00000230492	20	23030785	23030785
ENSG00000234646	20	23030863	23030863
ENSG00000132671	20	23035386	23035386
ENSG00000178726	20	23049741	23049741
ENSG00000125810	20	23086324	23086324
ENSG00000233746	20	23132635	23132635
ENSG00000230387	20	23179272	23179272
ENSG00000277901	20	23325352	23325352
ENSG00000234832	20	23351486	23351486
ENSG00000132661	20	23350791	23350791
ENSG00000232645	20	23358116	23358116
ENSG00000125812	20	23362182	23362182
ENSG00000125814	20	23421519	23421519
ENSG00000125823	20	23439685	23439685
ENSG00000125831	20	23452876	23452876
ENSG00000273838	20	23452623	23452623
ENSG00000260202	20	23519054	23519054
ENSG00000276638	20	23489973	23489973
ENSG00000125815	20	23491101	23491101
ENSG00000101435	20	23568484	23568484
ENSG00000173335	20	23605876	23605876
ENSG00000101439	20	23638473	23638473
ENSG00000270001	20	23632316	23632316
ENSG00000225056	20	23656390	23656390
ENSG00000286117	20	23656151	23656151
ENSG00000101441	20	23689040	23689040
ENSG00000286270	20	23722589	23722589
ENSG00000170373	20	23751268	23751268
ENSG00000230908	20	23798092	23798092
ENSG00000170369	20	23826729	23826729
ENSG00000170367	20	23879748	23879748
ENSG00000149435	20	23988779	23988779
ENSG00000230133	20	24063255	24063255
ENSG00000236151	20	24144386	24144386
ENSG00000232200	20	24318086	24318086
ENSG00000101463	20	24469629	24469629
ENSG00000228539	20	24502345	24502345
ENSG00000231015	20	24679547	24679547
ENSG00000274173	20	24931840	24931840
ENSG00000077984	20	24949269	24949269
ENSG00000101474	20	24992751	24992751
ENSG00000286444	20	24992312	24992312
ENSG00000154930	20	25058980	25058980
ENSG00000275358	20	25063591	25063591
ENSG00000100987	20	25082365	25082365
ENSG00000230725	20	25149372	25149372
ENSG00000286472	20	25187849	25187849
ENSG00000197586	20	25195693	25195693
ENSG00000277938	20	25229150	25229150
ENSG00000274414	20	25245229	25245229
ENSG00000100994	20	25248085	25248085
ENSG00000274507	20	25251304	25251304
ENSG00000276952	20	25285588	25285588
ENSG00000100997	20	25390835	25390835
ENSG00000101003	20	25407673	25407673
ENSG00000101004	20	25585531	25585531
ENSG00000170191	20	25624014	25624014
ENSG00000213742	20	25624045	25624045
ENSG00000130684	20	25696853	25696853
ENSG00000278383	20	25680781	25680781
ENSG00000226465	20	25697003	25697003
ENSG00000175170	20	25868225	25868225
ENSG00000226203	20	25955795	25955795
ENSG00000125804	20	25985210	25985210
ENSG00000231081	20	26010531	26010531
ENSG00000287569	20	26009792	26009792
ENSG00000230440	20	26134198	26134198
ENSG00000287211	20	26135983	26135983
ENSG00000227195	20	26251546	26251546
ENSG00000238129	20	26188408	26188408
ENSG00000287889	20	29548661	29548661
ENSG00000205611	20	30289956	30289956
ENSG00000286483	20	30281837	30281837
ENSG00000287288	20	30294550	30294550
ENSG00000231934	20	30362276	30362276
ENSG00000215547	20	31257664	31257664
ENSG00000215545	20	31308585	31308585
ENSG00000131068	20	31368601	31368601
ENSG00000180483	20	31390590	31390590
ENSG00000204548	20	31412838	31412838
ENSG00000180424	20	31440632	31440632
ENSG00000180383	20	31476757	31476757
ENSG00000088320	20	31475288	31475288
ENSG00000233354	20	31485778	31485778
ENSG00000101294	20	31514410	31514410
ENSG00000274364	20	31535263	31535263
ENSG00000101898	20	31547412	31547412
ENSG00000235313	20	31563166	31563166
ENSG00000230613	20	31573263	31573263
ENSG00000278276	20	31580890	31580890
ENSG00000125968	20	31605283	31605283
ENSG00000131055	20	31637912	31637912
ENSG00000171552	20	31723989	31723989
ENSG00000236559	20	31686216	31686216
ENSG00000281376	20	31721507	31721507
ENSG00000088325	20	31739271	31739271
ENSG00000101306	20	31819308	31819308
ENSG00000179772	20	31845604	31845604
ENSG00000149599	20	31870747	31870747
ENSG00000131044	20	31870702	31870702
ENSG00000088356	20	31952046	31952046
ENSG00000260903	20	31968151	31968151
ENSG00000278012	20	31970181	31970181
ENSG00000226239	20	32031591	32031591
ENSG00000101331	20	32010438	32010438
ENSG00000101336	20	32052188	32052188
ENSG00000101337	20	32109714	32109714
ENSG00000275576	20	32116171	32116171
ENSG00000126003	20	32207743	32207743
ENSG00000101346	20	32207880	32207880
ENSG00000287850	20	32277510	32277510
ENSG00000101350	20	32277651	32277651
ENSG00000277692	20	32355053	32355053
ENSG00000171456	20	32358330	32358330
ENSG00000197183	20	32585074	32585074
ENSG00000236772	20	32449755	32449755
ENSG00000286311	20	32485149	32485149
ENSG00000277301	20	32509959	32509959
ENSG00000233293	20	32561093	32561093
ENSG00000204393	20	32564992	32564992
ENSG00000228156	20	32581963	32581963
ENSG00000198547	20	32673941	32673941
ENSG00000149600	20	32743997	32743997
ENSG00000088305	20	32762385	32762385
ENSG00000101367	20	32819954	32819954
ENSG00000260536	20	32854257	32854257
ENSG00000260257	20	32856621	32856621
ENSG00000215529	20	32858923	32858923
ENSG00000167098	20	33004433	33004433
ENSG00000078898	20	33007704	33007704
ENSG00000167104	20	33031648	33031648
ENSG00000186190	20	33055424	33055424
ENSG00000186191	20	33079644	33079644
ENSG00000131050	20	33161768	33161768
ENSG00000224876	20	33217067	33217067
ENSG00000131059	20	33217310	33217310
ENSG00000198183	20	33235995	33235995
ENSG00000125999	20	33273480	33273480
ENSG00000101391	20	33401561	33401561
ENSG00000101400	20	33443892	33443892
ENSG00000078699	20	33490075	33490075
ENSG00000275223	20	33656423	33656423
ENSG00000125967	20	33674463	33674463
ENSG00000149609	20	33662327	33662327
ENSG00000182584	20	33666943	33666943
ENSG00000271803	20	33674517	33674517
ENSG00000101412	20	33686385	33686385
ENSG00000101417	20	33720319	33720319
ENSG00000229188	20	33731828	33731828
ENSG00000131061	20	33731657	33731657
ENSG00000230753	20	33811109	33811109
ENSG00000101421	20	33811348	33811348
ENSG00000285230	20	33994357	33994357
ENSG00000125970	20	33993646	33993646
ENSG00000228386	20	34017749	34017749
ENSG00000125977	20	34112243	34112243
ENSG00000287853	20	34132270	34132270
ENSG00000101440	20	34194569	34194569
ENSG00000250917	20	34281173	34281173
ENSG00000101444	20	34311802	34311802
ENSG00000272945	20	34286466	34286466
ENSG00000078747	20	34363241	34363241
ENSG00000236388	20	34442025	34442025
ENSG00000231795	20	34450930	34450930
ENSG00000277558	20	34476205	34476205
ENSG00000125971	20	34516409	34516409
ENSG00000101460	20	34546854	34546854
ENSG00000101464	20	34698790	34698790
ENSG00000198646	20	34825651	34825651
ENSG00000078804	20	34704339	34704339
ENSG00000286803	20	34741401	34741401
ENSG00000131067	20	34872856	34872856
ENSG00000131069	20	34872146	34872146
ENSG00000100983	20	34956027	34956027
ENSG00000078814	20	34975403	34975403
ENSG00000100991	20	35092807	35092807
ENSG00000088298	20	35147336	35147336
ENSG00000101000	20	35172072	35172072
ENSG00000278367	20	35174919	35174919
ENSG00000126005	20	35278131	35278131
ENSG00000125966	20	35226690	35226690
ENSG00000242372	20	35284985	35284985
ENSG00000235214	20	35285251	35285251
ENSG00000125998	20	35292425	35292425
ENSG00000101019	20	35412031	35412031
ENSG00000204183	20	35433029	35433029
ENSG00000125965	20	35454746	35454746
ENSG00000126001	20	35455164	35455164
ENSG00000230155	20	35490982	35490982
ENSG00000125975	20	35529652	35529652
ENSG00000125991	20	35542021	35542021
ENSG00000061656	20	35615829	35615829
ENSG00000214078	20	35664956	35664956
ENSG00000244462	20	35664956	35664956
ENSG00000244005	20	35699355	35699355
ENSG00000125995	20	35699272	35699272
ENSG00000131051	20	35742312	35742312
ENSG00000025293	20	35771974	35771974
ENSG00000171222	20	35959472	35959472
ENSG00000149646	20	35954564	35954564
ENSG00000260032	20	36051018	36051018
ENSG00000234139	20	36051491	36051491
ENSG00000277235	20	36064563	36064563
ENSG00000237063	20	36088192	36088192
ENSG00000088367	20	36091504	36091504
ENSG00000232406	20	36155760	36155760
ENSG00000278035	20	36233851	36233851
ENSG00000131043	20	36236459	36236459
ENSG00000080845	20	36306336	36306336
ENSG00000232907	20	36573391	36573391
ENSG00000101335	20	36541497	36541497
ENSG00000118707	20	36573488	36573488
ENSG00000101084	20	36605779	36605779
ENSG00000101082	20	36646196	36646196
ENSG00000101079	20	36746090	36746090
ENSG00000149636	20	36773818	36773818
ENSG00000149639	20	36863538	36863538
ENSG00000101342	20	36876121	36876121
ENSG00000101347	20	36951901	36951901
ENSG00000080839	20	37095997	37095997
ENSG00000269846	20	37095785	37095785
ENSG00000101353	20	37179588	37179588
ENSG00000118705	20	37178410	37178410
ENSG00000118702	20	37261835	37261835
ENSG00000101363	20	37289638	37289638
ENSG00000286240	20	37344109	37344109
ENSG00000197122	20	37344685	37344685
ENSG00000166619	20	37527931	37527931
ENSG00000053438	20	37521206	37521206
ENSG00000276603	20	37527060	37527060
ENSG00000274469	20	37571103	37571103
ENSG00000225759	20	37623119	37623119
ENSG00000204117	20	37676889	37676889
ENSG00000132792	20	37693955	37693955
ENSG00000132821	20	37903111	37903111
ENSG00000101407	20	38033461	38033461
ENSG00000101413	20	38033725	38033725
ENSG00000277550	20	38104961	38104961
ENSG00000198959	20	38166578	38166578
ENSG00000149633	20	38260772	38260772
ENSG00000277829	20	38233799	38233799
ENSG00000285347	20	38260175	38260175
ENSG00000285100	20	38270778	38270778
ENSG00000206249	20	38326536	38326536
ENSG00000101425	20	38304123	38304123
ENSG00000129988	20	38346482	38346482
ENSG00000275285	20	38378825	38378825
ENSG00000224635	20	38416797	38416797
ENSG00000275401	20	38419202	38419202
ENSG00000196756	20	38435409	38435409
ENSG00000174365	20	38446343	38446343
ENSG00000170471	20	38472816	38472816
ENSG00000182035	20	38581195	38581195
ENSG00000124143	20	38601934	38601934
ENSG00000101438	20	38724486	38724486
ENSG00000101442	20	38748460	38748460
ENSG00000101445	20	38805697	38805697
ENSG00000101447	20	38926312	38926312
ENSG00000274825	20	38955910	38955910
ENSG00000261431	20	38962111	38962111
ENSG00000101452	20	38962299	38962299
ENSG00000277581	20	38962472	38962472
ENSG00000230324	20	39224748	39224748
ENSG00000287983	20	39233836	39233836
ENSG00000286083	20	39663552	39663552
ENSG00000229976	20	39757202	39757202
ENSG00000237767	20	40004216	40004216
ENSG00000233415	20	40031585	40031585
ENSG00000223410	20	40121041	40121041
ENSG00000204103	20	40689236	40689236
ENSG00000229771	20	40698616	40698616
ENSG00000286972	20	40717257	40717257
ENSG00000198900	20	41028822	41028822
ENSG00000226648	20	41138003	41138003
ENSG00000124181	20	41136960	41136960
ENSG00000174306	20	41317672	41317672
ENSG00000132793	20	41340920	41340920
ENSG00000183798	20	41366818	41366818
ENSG00000124177	20	41618384	41618384
ENSG00000273951	20	41486225	41486225
ENSG00000225458	20	41991140	41991140
ENSG00000228959	20	42015478	42015478
ENSG00000196090	20	43189970	43189970
ENSG00000229042	20	42685404	42685404
ENSG00000227599	20	42968743	42968743
ENSG00000233508	20	43189998	43189998
ENSG00000124193	20	43457893	43457893
ENSG00000185513	20	43489442	43489442
ENSG00000226143	20	43550949	43550949
ENSG00000101049	20	43558968	43558968
ENSG00000282876	20	43590596	43590596
ENSG00000101052	20	43590937	43590937
ENSG00000101057	20	43667019	43667019
ENSG00000124196	20	43727002	43727002
ENSG00000233277	20	43894720	43894720
ENSG00000124191	20	43914852	43914852
ENSG00000149596	20	44187578	44187578
ENSG00000287570	20	44181111	44181111
ENSG00000132823	20	44210771	44210771
ENSG00000223891	20	44210907	44210907
ENSG00000124194	20	44247099	44247099
ENSG00000197296	20	44311202	44311202
ENSG00000101074	20	44336986	44336986
ENSG00000226812	20	44355185	44355185
ENSG00000101076	20	44355700	44355700
ENSG00000229005	20	44395706	44395706
ENSG00000233376	20	44391537	44391537
ENSG00000168746	20	44465349	44465349
ENSG00000124120	20	44475874	44475874
ENSG00000132824	20	44522085	44522085
ENSG00000168734	20	44531785	44531785
ENSG00000196839	20	44652233	44652233
ENSG00000283440	20	44663498	44663498
ENSG00000244558	20	44746021	44746021
ENSG00000064205	20	44714844	44714844
ENSG00000124249	20	44745865	44745865
ENSG00000276223	20	44746642	44746642
ENSG00000101098	20	44810338	44810338
ENSG00000286100	20	44885604	44885604
ENSG00000166913	20	44885702	44885702
ENSG00000101104	20	44910062	44910062
ENSG00000025772	20	44960397	44960397
ENSG00000227477	20	44966402	44966402
ENSG00000101109	20	44966479	44966479
ENSG00000124134	20	45101127	45101127
ENSG00000175121	20	45115172	45115172
ENSG00000168703	20	45124465	45124465
ENSG00000124102	20	45174902	45174902
ENSG00000124233	20	45207033	45207033
ENSG00000124157	20	45221373	45221373
ENSG00000124107	20	45254564	45254564
ENSG00000124159	20	45308529	45308529
ENSG00000124232	20	45306840	45306840
ENSG00000124145	20	45348424	45348424
ENSG00000275894	20	45345823	45345823
ENSG00000204070	20	45361937	45361937
ENSG00000124251	20	45407889	45407889
ENSG00000244274	20	45406057	45406057
ENSG00000124155	20	45416084	45416084
ENSG00000277022	20	45448325	45448325
ENSG00000101443	20	45469753	45469753
ENSG00000237464	20	45487613	45487613
ENSG00000101446	20	45515622	45515622
ENSG00000243543	20	45539495	45539495
ENSG00000101448	20	45547752	45547752
ENSG00000158901	20	45579326	45579326
ENSG00000180205	20	45631284	45631284
ENSG00000180305	20	45629739	45629739
ENSG00000180083	20	45670270	45670270
ENSG00000182931	20	45705019	45705019
ENSG00000168634	20	45702038	45702038
ENSG00000149651	20	45722347	45722347
ENSG00000124116	20	45791932	45791932
ENSG00000101457	20	45791954	45791954
ENSG00000175063	20	45812576	45812576
ENSG00000101470	20	45833745	45833745
ENSG00000124104	20	45833799	45833799
ENSG00000101473	20	45857405	45857405
ENSG00000132801	20	45857614	45857614
ENSG00000168612	20	45881227	45881227
ENSG00000149634	20	45887635	45887635
ENSG00000124257	20	45891287	45891287
ENSG00000064601	20	45890144	45890144
ENSG00000271984	20	45893419	45893419
ENSG00000100979	20	45912155	45912155
ENSG00000285796	20	45935055	45935055
ENSG00000100982	20	45934683	45934683
ENSG00000198026	20	45972203	45972203
ENSG00000100985	20	46008908	46008908
ENSG00000204044	20	46022073	46022073
ENSG00000124140	20	46021690	46021690
ENSG00000124160	20	46089962	46089962
ENSG00000101017	20	46118278	46118278
ENSG00000229957	20	46171237	46171237
ENSG00000149654	20	46308498	46308498
ENSG00000080189	20	46364458	46364458
ENSG00000273828	20	46364551	46364551
ENSG00000062598	20	46432985	46432985
ENSG00000198185	20	46513559	46513559
ENSG00000149635	20	46550654	46550654
ENSG00000158296	20	46684467	46684467
ENSG00000273893	20	46682375	46682375
ENSG00000172315	20	46689444	46689444
ENSG00000271784	20	46689659	46689659
ENSG00000197496	20	46709649	46709649
ENSG00000064655	20	46894624	46894624
ENSG00000236028	20	46901726	46901726
ENSG00000101040	20	47356889	47356889
ENSG00000267882	20	47318502	47318502
ENSG00000273451	20	47349142	47349142
ENSG00000231119	20	47352561	47352561
ENSG00000224565	20	47412327	47412327
ENSG00000124151	20	47501887	47501887
ENSG00000196562	20	47786616	47786616
ENSG00000255438	20	47677901	47677901
ENSG00000234967	20	47950797	47950797
ENSG00000228503	20	47958022	47958022
ENSG00000287443	20	47974137	47974137
ENSG00000237423	20	47990127	47990127
ENSG00000229522	20	47983404	47983404
ENSG00000286179	20	48022237	48022237
ENSG00000287335	20	48025245	48025245
ENSG00000276923	20	48073869	48073869
ENSG00000287107	20	48120269	48120269
ENSG00000288083	20	48275392	48275392
ENSG00000286063	20	48367976	48367976
ENSG00000235621	20	48359884	48359884
ENSG00000236874	20	48384895	48384895
ENSG00000274261	20	48406777	48406777
ENSG00000281365	20	48471308	48471308
ENSG00000281460	20	48476999	48476999
ENSG00000124126	20	48827999	48827999
ENSG00000286159	20	48657073	48657073
ENSG00000278231	20	48849458	48849458
ENSG00000124198	20	48921711	48921711
ENSG00000227431	20	49046168	49046168
ENSG00000124207	20	49046246	49046246
ENSG00000124214	20	49188367	49188367
ENSG00000124228	20	49219295	49219295
ENSG00000124201	20	49278426	49278426
ENSG00000177410	20	49278178	49278178
ENSG00000158445	20	49484297	49484297
ENSG00000124212	20	49568137	49568137
ENSG00000158470	20	49713878	49713878
ENSG00000197818	20	49812713	49812713
ENSG00000158480	20	49915529	49915529
ENSG00000124226	20	49936336	49936336
ENSG00000124216	20	49982980	49982980
ENSG00000231265	20	50041504	50041504
ENSG00000244687	20	50115959	50115959
ENSG00000240849	20	50153734	50153734
ENSG00000237595	20	50166216	50166216
ENSG00000234698	20	50166362	50166362
ENSG00000231742	20	50171809	50171809
ENSG00000277449	20	50191498	50191498
ENSG00000172216	20	50190830	50190830
ENSG00000224397	20	50247643	50247643
ENSG00000203999	20	50292709	50292709
ENSG00000233077	20	50321342	50321342
ENSG00000196396	20	50510321	50510321
ENSG00000232043	20	50578041	50578041
ENSG00000042062	20	50691542	50691542
ENSG00000234693	20	50645471	50645471
ENSG00000124171	20	50731580	50731580
ENSG00000124243	20	50794894	50794894
ENSG00000101126	20	50931437	50931437
ENSG00000259456	20	50930984	50930984
ENSG00000000419	20	50958555	50958555
ENSG00000124217	20	50958818	50958818
ENSG00000232358	20	50999370	50999370
ENSG00000026559	20	51023107	51023107
ENSG00000101096	20	51562831	51562831
ENSG00000054793	20	51768390	51768390
ENSG00000101115	20	51802521	51802521
ENSG00000227964	20	51862912	51862912
ENSG00000020256	20	52204308	52204308
ENSG00000287511	20	52072685	52072685
ENSG00000234948	20	52192159	52192159
ENSG00000225785	20	52455619	52455619
ENSG00000232465	20	52500591	52500591
ENSG00000232294	20	52671735	52671735
ENSG00000286250	20	52843775	52843775
ENSG00000232286	20	52862855	52862855
ENSG00000182463	20	52972358	52972358
ENSG00000286865	20	53141169	53141169
ENSG00000223492	20	53179550	53179550
ENSG00000227705	20	53208705	53208705
ENSG00000271774	20	53487274	53487274
ENSG00000231703	20	53412910	53412910
ENSG00000259723	20	53504314	53504314
ENSG00000197670	20	53552770	53552770
ENSG00000171940	20	53609907	53609907
ENSG00000235415	20	53608354	53608354
ENSG00000287886	20	53738728	53738728
ENSG00000225563	20	53827297	53827297
ENSG00000064787	20	54070594	54070594
ENSG00000236352	20	53940160	53940160
ENSG00000019186	20	54173986	54173986
ENSG00000286587	20	54178414	54178414
ENSG00000101132	20	54208087	54208087
ENSG00000286229	20	54232758	54232758
ENSG00000101134	20	54475593	54475593
ENSG00000235166	20	55408898	55408898
ENSG00000224008	20	55427197	55427197
ENSG00000275923	20	55505215	55505215
ENSG00000287478	20	55744938	55744938
ENSG00000286006	20	55775176	55775176
ENSG00000054803	20	56005519	56005519
ENSG00000124089	20	56248732	56248732
ENSG00000230843	20	56299160	56299160
ENSG00000124098	20	56358974	56358974
ENSG00000087586	20	56392337	56392337
ENSG00000101138	20	56392371	56392371
ENSG00000087589	20	56412112	56412112
ENSG00000022277	20	56468585	56468585
ENSG00000124091	20	56525925	56525925
ENSG00000124103	20	56517187	56517187
ENSG00000213714	20	56533246	56533246
ENSG00000287079	20	56550605	56550605
ENSG00000225657	20	56577563	56577563
ENSG00000087510	20	56629306	56629306
ENSG00000231604	20	56730397	56730397
ENSG00000231078	20	57105741	57105741
ENSG00000203266	20	57110640	57110640
ENSG00000288086	20	57119543	57119543
ENSG00000101144	20	57266641	57266641
ENSG00000235032	20	57214872	57214872
ENSG00000226308	20	57266797	57266797
ENSG00000054796	20	57329803	57329803
ENSG00000101146	20	57351223	57351223
ENSG00000256222	20	57359498	57359498
ENSG00000218018	20	57393062	57393062
ENSG00000132819	20	57391396	57391396
ENSG00000286052	20	57442742	57442742
ENSG00000124092	20	57525652	57525652
ENSG00000124253	20	57561080	57561080
ENSG00000227297	20	57601200	57601200
ENSG00000124256	20	57620576	57620576
ENSG00000124225	20	57711536	57711536
ENSG00000278709	20	57710156	57710156
ENSG00000203971	20	57960176	57960176
ENSG00000275852	20	58003904	58003904
ENSG00000225708	20	58072070	58072070
ENSG00000124237	20	58150902	58150902
ENSG00000124227	20	58228653	58228653
ENSG00000124209	20	58309715	58309715
ENSG00000124164	20	58389122	58389122
ENSG00000198768	20	58515399	58515399
ENSG00000231290	20	58515379	58515379
ENSG00000254620	20	58594417	58594417
ENSG00000268941	20	58634772	58634772
ENSG00000124222	20	58651253	58651253
ENSG00000215440	20	58689131	58689131
ENSG00000254419	20	58710795	58710795
ENSG00000270279	20	58754351	58754351
ENSG00000268649	20	58817725	58817725
ENSG00000235590	20	58850903	58850903
ENSG00000268333	20	58836529	58836529
ENSG00000087460	20	58839718	58839718
ENSG00000225806	20	58888809	58888809
ENSG00000270951	20	58876981	58876981
ENSG00000285091	20	58981169	58981169
ENSG00000101158	20	58981208	58981208
ENSG00000101160	20	59007254	59007254
ENSG00000101162	20	59019254	59019254
ENSG00000124172	20	59032345	59032345
ENSG00000101166	20	59042809	59042809
ENSG00000124203	20	59123381	59123381
ENSG00000124205	20	59300443	59300443
ENSG00000225129	20	59357774	59357774
ENSG00000230352	20	59364773	59364773
ENSG00000286309	20	59397109	59397109
ENSG00000287752	20	59469853	59469853
ENSG00000227282	20	59515191	59515191
ENSG00000087495	20	59577509	59577509
ENSG00000238194	20	59628295	59628295
ENSG00000196074	20	59933655	59933655
ENSG00000196227	20	59933764	59933764
ENSG00000132825	20	59940305	59940305
ENSG00000124215	20	59958423	59958423
ENSG00000176659	20	60055853	60055853
ENSG00000276093	20	60083872	60083872
ENSG00000228340	20	60087826	60087826
ENSG00000276627	20	60755001	60755001
ENSG00000261035	20	60814211	60814211
ENSG00000229755	20	61077816	61077816
ENSG00000229606	20	61079049	61079049
ENSG00000179242	20	61252261	61252261
ENSG00000286232	20	61271827	61271827
ENSG00000276786	20	61369879	61369879
ENSG00000277270	20	61437630	61437630
ENSG00000179253	20	61719748	61719748
ENSG00000225106	20	61755056	61755056
ENSG00000130699	20	62065810	62065810
ENSG00000283078	20	62066830	62066830
ENSG00000149657	20	62122461	62122461
ENSG00000101182	20	62143440	62143440
ENSG00000184402	20	62143769	62143769
ENSG00000101181	20	62183029	62183029
ENSG00000101180	20	62220278	62220278
ENSG00000130703	20	62231922	62231922
ENSG00000130706	20	62302093	62302093
ENSG00000226332	20	62306325	62306325
ENSG00000130702	20	62367312	62367312
ENSG00000228812	20	62352995	62352995
ENSG00000273619	20	62386970	62386970
ENSG00000171858	20	62387103	62387103
ENSG00000149679	20	62407285	62407285
ENSG00000275437	20	62405935	62405935
ENSG00000130701	20	62427539	62427539
ENSG00000233017	20	62427827	62427827
ENSG00000130700	20	62475995	62475995
ENSG00000272050	20	62477870	62477870
ENSG00000260542	20	62516096	62516096
ENSG00000174403	20	62551526	62551526
ENSG00000174407	20	62550453	62550453
ENSG00000264490	20	62575590	62575590
ENSG00000273812	20	62603355	62603355
ENSG00000232121	20	62635504	62635504
ENSG00000229882	20	62633772	62633772
ENSG00000167046	20	62643304	62643304
ENSG00000101187	20	62642503	62642503
ENSG00000277496	20	62650767	62650767
ENSG00000276317	20	62652186	62652186
ENSG00000232803	20	62666724	62666724
ENSG00000237687	20	62700480	62700480
ENSG00000101188	20	62708836	62708836
ENSG00000223669	20	62735347	62735347
ENSG00000228705	20	62776996	62776996
ENSG00000101189	20	62796473	62796473
ENSG00000229873	20	62805587	62805587
ENSG00000060491	20	62804835	62804835
ENSG00000092758	20	62816244	62816244
ENSG00000101190	20	62861822	62861822
ENSG00000101191	20	62937952	62937952
ENSG00000273759	20	62929297	62929297
ENSG00000101193	20	62938147	62938147
ENSG00000101194	20	62952707	62952707
ENSG00000125533	20	63007035	63007035
ENSG00000272259	20	63009383	63009383
ENSG00000125514	20	63037028	63037028
ENSG00000237119	20	63038011	63038011
ENSG00000231133	20	63102631	63102631
ENSG00000225978	20	63102205	63102205
ENSG00000287324	20	63116218	63116218
ENSG00000260416	20	63129459	63129459
ENSG00000286628	20	63152087	63152087
ENSG00000231977	20	63180903	63180903
ENSG00000149658	20	63216139	63216139
ENSG00000273821	20	63218041	63218041
ENSG00000101197	20	63235883	63235883
ENSG00000101198	20	63272694	63272694
ENSG00000275620	20	63253978	63253978
ENSG00000101199	20	63272785	63272785
ENSG00000101203	20	63293186	63293186
ENSG00000101204	20	63378401	63378401
ENSG00000203900	20	63359988	63359988
ENSG00000075043	20	63472677	63472677
ENSG00000280936	20	63422269	63422269
ENSG00000226390	20	63448051	63448051
ENSG00000101210	20	63499185	63499185
ENSG00000230226	20	63502287	63502287
ENSG00000125534	20	63520765	63520765
ENSG00000101213	20	63537376	63537376
ENSG00000125508	20	63547504	63547504
ENSG00000275812	20	63543411	63543411
ENSG00000125531	20	63547891	63547891
ENSG00000130589	20	63574239	63574239
ENSG00000101216	20	63627101	63627101
ENSG00000232442	20	63627227	63627227
ENSG00000197457	20	63657682	63657682
ENSG00000258366	20	63657810	63657810
ENSG00000243509	20	63696652	63696652
ENSG00000101246	20	63708025	63708025
ENSG00000197114	20	63707465	63707465
ENSG00000274501	20	63730377	63730377
ENSG00000203896	20	63736283	63736283
ENSG00000125520	20	63739776	63739776
ENSG00000130584	20	63832038	63832038
ENSG00000229299	20	63744689	63744689
ENSG00000231208	20	63808076	63808076
ENSG00000268858	20	63864293	63864293
ENSG00000183260	20	63861498	63861498
ENSG00000101150	20	63865228	63865228
ENSG00000101152	20	63895126	63895126
ENSG00000198276	20	63956416	63956416
ENSG00000280213	20	63953384	63953384
ENSG00000196700	20	63969930	63969930
ENSG00000130590	20	63980008	63980008
ENSG00000101161	20	63981132	63981132
ENSG00000196421	20	64034344	64034344
ENSG00000203883	20	64049639	64049639
ENSG00000171703	20	64049836	64049836
ENSG00000237371	20	64056803	64056803
ENSG00000171700	20	64079988	64079988
ENSG00000125510	20	64080082	64080082
ENSG00000171695	20	64084359	64084359
ENSG00000286999	20	64101162	64101162
ENSG00000196132	20	64102394	64102394
ENSG00000125522	20	64107171	64107171
ENSG00000203880	20	64255695	64255695
ENSG00000149656	20	64290385	64290385
ENSG00000279493	21	5011799	5011799
ENSG00000277117	21	5022493	5022493
ENSG00000279687	21	5073458	5073458
ENSG00000280071	21	5128413	5128413
ENSG00000275464	21	5154658	5154658
ENSG00000280433	21	5165472	5165472
ENSG00000279669	21	5243833	5243833
ENSG00000279094	21	5502542	5502542
ENSG00000274333	21	5553637	5553637
ENSG00000279784	21	5705345	5705345
ENSG00000279064	21	5709456	5709456
ENSG00000274559	21	5973383	5973383
ENSG00000280191	21	6060340	6060340
ENSG00000280095	21	6081193	6081193
ENSG00000280179	21	6091407	6091407
ENSG00000275993	21	6111131	6111131
ENSG00000288187	21	6217681	6217681
ENSG00000275496	21	6267317	6267317
ENSG00000278903	21	6318434	6318434
ENSG00000274276	21	6468040	6468040
ENSG00000275895	21	6499261	6499261
ENSG00000278927	21	6553955	6553955
ENSG00000276076	21	6560714	6560714
ENSG00000280145	21	6670695	6670695
ENSG00000278878	21	6670667	6670667
ENSG00000280164	21	6721812	6721812
ENSG00000279998	21	6789592	6789592
ENSG00000278955	21	6858539	6858539
ENSG00000279751	21	6904884	6904884
ENSG00000280018	21	6997765	6997765
ENSG00000278884	21	7020599	7020599
ENSG00000277067	21	7048891	7048891
ENSG00000276077	21	7430659	7430659
ENSG00000277991	21	7681742	7681742
ENSG00000273590	21	7744962	7744962
ENSG00000277277	21	7770591	7770591
ENSG00000278961	21	7793954	7793954
ENSG00000276289	21	7829926	7829926
ENSG00000278996	21	8197620	8197620
ENSG00000280800	21	8211306	8211306
ENSG00000281383	21	8255514	8255514
ENSG00000280441	21	8380643	8380643
ENSG00000280614	21	8394341	8394341
ENSG00000281181	21	8438551	8438551
ENSG00000279579	21	8759077	8759077
ENSG00000286033	21	8836565	8836565
ENSG00000279501	21	9018670	9018670
ENSG00000278932	21	9325013	9325013
ENSG00000286103	21	9634244	9634244
ENSG00000279321	21	9913117	9913117
ENSG00000279851	21	10122273	10122273
ENSG00000277693	21	10342737	10342737
ENSG00000274391	21	10521553	10521553
ENSG00000277282	21	10649835	10649835
ENSG00000229306	21	13016692	13016692
ENSG00000280108	21	13305152	13305152
ENSG00000228159	21	13516107	13516107
ENSG00000166351	21	13609858	13609858
ENSG00000224922	21	13769932	13769932
ENSG00000224905	21	14027419	14027419
ENSG00000188992	21	14210891	14210891
ENSG00000185272	21	14216130	14216130
ENSG00000155304	21	14383484	14383484
ENSG00000155307	21	14658821	14658821
ENSG00000223662	21	14582202	14582202
ENSG00000232884	21	14753925	14753925
ENSG00000226751	21	14763090	14763090
ENSG00000281903	21	14918552	14918552
ENSG00000235277	21	14918534	14918534
ENSG00000180530	21	15065936	15065936
ENSG00000229047	21	14961309	14961309
ENSG00000231201	21	14971470	14971470
ENSG00000236471	21	15067070	15067070
ENSG00000229425	21	15627342	15627342
ENSG00000224247	21	15496124	15496124
ENSG00000155313	21	15730025	15730025
ENSG00000215386	21	15928296	15928296
ENSG00000270071	21	16310382	16310382
ENSG00000270139	21	16419080	16419080
ENSG00000287066	21	16507916	16507916
ENSG00000269950	21	16582637	16582637
ENSG00000237735	21	16815688	16815688
ENSG00000232886	21	16873691	16873691
ENSG00000232560	21	17438821	17438821
ENSG00000154639	21	17513043	17513043
ENSG00000154640	21	17612947	17612947
ENSG00000280594	21	17611744	17611744
ENSG00000226956	21	17660384	17660384
ENSG00000240770	21	17792523	17792523
ENSG00000154642	21	17819386	17819386
ENSG00000244676	21	17793488	17793488
ENSG00000231755	21	17885608	17885608
ENSG00000154645	21	17901263	17901263
ENSG00000227330	21	18114904	18114904
ENSG00000154646	21	18485879	18485879
ENSG00000228708	21	18486599	18486599
ENSG00000224141	21	18760320	18760320
ENSG00000230233	21	18614431	18614431
ENSG00000232193	21	18935859	18935859
ENSG00000226204	21	18967058	18967058
ENSG00000235965	21	19047684	19047684
ENSG00000229289	21	19130523	19130523
ENSG00000231620	21	19301613	19301613
ENSG00000233480	21	19900043	19900043
ENSG00000233236	21	20258820	20258820
ENSG00000224924	21	20803816	20803816
ENSG00000154654	21	20998409	20998409
ENSG00000226771	21	21226829	21226829
ENSG00000234730	21	21566763	21566763
ENSG00000237527	21	21686329	21686329
ENSG00000238265	21	21737319	21737319
ENSG00000233997	21	21746973	21746973
ENSG00000227075	21	21975681	21975681
ENSG00000233215	21	22098518	22098518
ENSG00000184856	21	22098616	22098616
ENSG00000226043	21	22209920	22209920
ENSG00000234034	21	22520058	22520058
ENSG00000230972	21	23065491	23065491
ENSG00000286222	21	23119903	23119903
ENSG00000228592	21	23423778	23423778
ENSG00000227716	21	23477641	23477641
ENSG00000288094	21	23704260	23704260
ENSG00000287612	21	23857081	23857081
ENSG00000231986	21	23890541	23890541
ENSG00000235564	21	23968747	23968747
ENSG00000287801	21	24114352	24114352
ENSG00000226996	21	24043257	24043257
ENSG00000224018	21	24192924	24192924
ENSG00000224832	21	24321377	24321377
ENSG00000237484	21	24306939	24306939
ENSG00000226983	21	24840550	24840550
ENSG00000227090	21	24902756	24902756
ENSG00000230379	21	24992817	24992817
ENSG00000244278	21	25055535	25055535
ENSG00000232512	21	25095022	25095022
ENSG00000223870	21	25127469	25127469
ENSG00000222042	21	25361868	25361868
ENSG00000185433	21	25431701	25431701
ENSG00000229962	21	25518865	25518865
ENSG00000234883	21	25561909	25561909
ENSG00000260583	21	25583326	25583326
ENSG00000154719	21	25607517	25607517
ENSG00000154721	21	25639258	25639258
ENSG00000287109	21	25654671	25654671
ENSG00000154723	21	25735673	25735673
ENSG00000154727	21	25734570	25734570
ENSG00000142192	21	26171128	26171128
ENSG00000233783	21	25928754	25928754
ENSG00000224541	21	26158091	26158091
ENSG00000273492	21	26170871	26170871
ENSG00000286902	21	26320773	26320773
ENSG00000229025	21	26350634	26350634
ENSG00000232692	21	26378552	26378552
ENSG00000197934	21	26393635	26393635
ENSG00000273115	21	26460214	26460214
ENSG00000166265	21	26573286	26573286
ENSG00000154734	21	26845409	26845409
ENSG00000223563	21	26889376	26889376
ENSG00000154736	21	26967088	26967088
ENSG00000231236	21	27448579	27448579
ENSG00000236332	21	27361121	27361121
ENSG00000234052	21	27638613	27638613
ENSG00000225298	21	27722379	27722379
ENSG00000234083	21	27954922	27954922
ENSG00000178457	21	28013363	28013363
ENSG00000232079	21	28048404	28048404
ENSG00000236532	21	28228667	28228667
ENSG00000232855	21	28674848	28674848
ENSG00000226935	21	28539318	28539318
ENSG00000156239	21	28885371	28885371
ENSG00000198862	21	28992956	28992956
ENSG00000156253	21	29019360	29019360
ENSG00000273254	21	29024890	29024890
ENSG00000156256	21	29024629	29024629
ENSG00000156261	21	29073797	29073797
ENSG00000231125	21	29060095	29060095
ENSG00000286018	21	29063446	29063446
ENSG00000156265	21	29077471	29077471
ENSG00000224649	21	29187795	29187795
ENSG00000215533	21	29193480	29193480
ENSG00000156273	21	29194071	29194071
ENSG00000248476	21	29351634	29351634
ENSG00000273017	21	29359002	29359002
ENSG00000232118	21	29376339	29376339
ENSG00000228817	21	29370497	29370497
ENSG00000234293	21	29496047	29496047
ENSG00000171189	21	29940033	29940033
ENSG00000273464	21	29657406	29657406
ENSG00000174680	21	29748175	29748175
ENSG00000259981	21	30089717	30089717
ENSG00000156282	21	30166805	30166805
ENSG00000227342	21	30211783	30211783
ENSG00000156284	21	30216097	30216097
ENSG00000188694	21	30282950	30282950
ENSG00000232263	21	30289514	30289514
ENSG00000197683	21	30320315	30320315
ENSG00000206107	21	30337694	30337694
ENSG00000186980	21	30348609	30348609
ENSG00000182816	21	30372271	30372271
ENSG00000198390	21	30396031	30396031
ENSG00000240432	21	30425968	30425968
ENSG00000186971	21	30430230	30430230
ENSG00000186970	21	30440275	30440275
ENSG00000184351	21	30480367	30480367
ENSG00000186965	21	30487436	30487436
ENSG00000244025	21	30492013	30492013
ENSG00000186967	21	30497165	30497165
ENSG00000186977	21	30502141	30502141
ENSG00000186925	21	30541864	30541864
ENSG00000244362	21	30561314	30561314
ENSG00000206106	21	30590397	30590397
ENSG00000212938	21	30592440	30592440
ENSG00000186930	21	30598902	30598902
ENSG00000186924	21	30601087	30601087
ENSG00000184724	21	30613930	30613930
ENSG00000244624	21	30616425	30616425
ENSG00000206105	21	30620627	30620627
ENSG00000184032	21	30635206	30635206
ENSG00000206104	21	30642864	30642864
ENSG00000231068	21	30718777	30718777
ENSG00000187026	21	30747259	30747259
ENSG00000187005	21	30755428	30755428
ENSG00000183640	21	30813274	30813274
ENSG00000274749	21	30829759	30829759
ENSG00000182591	21	30881580	30881580
ENSG00000206102	21	31038476	31038476
ENSG00000156299	21	31559977	31559977
ENSG00000286643	21	31347736	31347736
ENSG00000237594	21	31559245	31559245
ENSG00000234509	21	31659500	31659500
ENSG00000142168	21	31659622	31659622
ENSG00000273271	21	31667247	31667247
ENSG00000156304	21	31732118	31732118
ENSG00000273091	21	31735732	31735732
ENSG00000142149	21	31873020	31873020
ENSG00000237138	21	32021782	32021782
ENSG00000230323	21	32197813	32197813
ENSG00000261610	21	32261585	32261585
ENSG00000159055	21	32279049	32279049
ENSG00000227256	21	32277863	32277863
ENSG00000170262	21	32291813	32291813
ENSG00000232623	21	32308737	32308737
ENSG00000142207	21	32393012	32393012
ENSG00000256073	21	32393130	32393130
ENSG00000166979	21	32412006	32412006
ENSG00000242220	21	32587373	32587373
ENSG00000159079	21	32612603	32612603
ENSG00000159082	21	32728048	32728048
ENSG00000238197	21	32728097	32728097
ENSG00000159086	21	32771792	32771792
ENSG00000205930	21	32772100	32772100
ENSG00000205929	21	32813743	32813743
ENSG00000232360	21	32849934	32849934
ENSG00000227757	21	33071104	33071104
ENSG00000228961	21	32958888	32958888
ENSG00000205927	21	33025935	33025935
ENSG00000232539	21	33057829	33057829
ENSG00000184221	21	33070141	33070141
ENSG00000226527	21	33123725	33123725
ENSG00000226433	21	33152614	33152614
ENSG00000229086	21	33170649	33170649
ENSG00000159110	21	33229901	33229901
ENSG00000223799	21	33266260	33266260
ENSG00000243646	21	33266367	33266367
ENSG00000142166	21	33324429	33324429
ENSG00000159128	21	33402896	33402896
ENSG00000142188	21	33479974	33479974
ENSG00000231355	21	33484258	33484258
ENSG00000177692	21	33491720	33491720
ENSG00000159131	21	33543491	33543491
ENSG00000159140	21	33543038	33543038
ENSG00000159147	21	33588706	33588706
ENSG00000205758	21	33643926	33643926
ENSG00000205726	21	33642400	33642400
ENSG00000241837	21	33915814	33915814
ENSG00000237945	21	33915534	33915534
ENSG00000273102	21	33968573	33968573
ENSG00000243927	21	34073224	34073224
ENSG00000198743	21	34073578	34073578
ENSG00000227456	21	34157724	34157724
ENSG00000214955	21	34205055	34205055
ENSG00000225555	21	34375364	34375364
ENSG00000159197	21	34364024	34364024
ENSG00000205670	21	34375480	34375480
ENSG00000222018	21	34401072	34401072
ENSG00000273104	21	34412200	34412200
ENSG00000243627	21	34423966	34423966
ENSG00000272958	21	34425508	34425508
ENSG00000180509	21	34512210	34512210
ENSG00000159200	21	34615113	34615113
ENSG00000159212	21	34669389	34669389
ENSG00000230978	21	34737204	34737204
ENSG00000234380	21	34745757	34745757
ENSG00000159216	21	36004667	36004667
ENSG00000286153	21	34836286	34836286
ENSG00000234703	21	35136638	35136638
ENSG00000230794	21	35732942	35732942
ENSG00000231106	21	36005338	36005338
ENSG00000185917	21	36079389	36079389
ENSG00000236677	21	36060432	36060432
ENSG00000230212	21	36126640	36126640
ENSG00000159228	21	36069941	36069941
ENSG00000236119	21	36082859	36082859
ENSG00000233393	21	36104881	36104881
ENSG00000236830	21	36175815	36175815
ENSG00000159231	21	36135079	36135079
ENSG00000142197	21	36156782	36156782
ENSG00000273199	21	36320670	36320670
ENSG00000159256	21	36320189	36320189
ENSG00000228107	21	36360630	36360630
ENSG00000159259	21	36385392	36385392
ENSG00000230479	21	36430360	36430360
ENSG00000233818	21	36445731	36445731
ENSG00000159261	21	36576569	36576569
ENSG00000286517	21	36542855	36542855
ENSG00000286852	21	36580172	36580172
ENSG00000231324	21	36637033	36637033
ENSG00000224269	21	36701564	36701564
ENSG00000159263	21	36699115	36699115
ENSG00000159267	21	36990236	36990236
ENSG00000237646	21	36806284	36806284
ENSG00000224790	21	36966461	36966461
ENSG00000183145	21	37006150	37006150
ENSG00000185808	21	37073170	37073170
ENSG00000182670	21	37073226	37073226
ENSG00000270116	21	37100814	37100814
ENSG00000228677	21	37193926	37193926
ENSG00000230366	21	37208503	37208503
ENSG00000242553	21	37221419	37221419
ENSG00000157538	21	37267919	37267919
ENSG00000272948	21	37267784	37267784
ENSG00000287637	21	37366858	37366858
ENSG00000273210	21	37365932	37365932
ENSG00000157540	21	37365573	37365573
ENSG00000286717	21	37593977	37593977
ENSG00000157542	21	38121345	38121345
ENSG00000233213	21	37719569	37719569
ENSG00000184029	21	38121360	38121360
ENSG00000223608	21	38010618	38010618
ENSG00000198054	21	38121451	38121451
ENSG00000157551	21	38155549	38155549
ENSG00000233316	21	38206156	38206156
ENSG00000226012	21	38238201	38238201
ENSG00000231231	21	38333421	38333421
ENSG00000157554	21	38661780	38661780
ENSG00000287470	21	38503562	38503562
ENSG00000223806	21	38747460	38747460
ENSG00000157557	21	38805183	38805183
ENSG00000205622	21	38956467	38956467
ENSG00000229986	21	38846247	38846247
ENSG00000287082	21	38857539	38857539
ENSG00000229925	21	38888772	38888772
ENSG00000232837	21	38977774	38977774
ENSG00000235888	21	39062894	39062894
ENSG00000237609	21	39029128	39029128
ENSG00000183527	21	39183488	39183488
ENSG00000185658	21	39321559	39321559
ENSG00000272991	21	39184469	39184469
ENSG00000237373	21	39219805	39219805
ENSG00000255568	21	39313935	39313935
ENSG00000238141	21	39315707	39315707
ENSG00000205581	21	39349647	39349647
ENSG00000182093	21	39377698	39377698
ENSG00000157578	21	39445805	39445805
ENSG00000185437	21	39445855	39445855
ENSG00000183778	21	39556442	39556442
ENSG00000184809	21	39612910	39612910
ENSG00000225330	21	39630271	39630271
ENSG00000231713	21	39727755	39727755
ENSG00000183067	21	39745407	39745407
ENSG00000183036	21	39867438	39867438
ENSG00000171587	21	40847158	40847158
ENSG00000235123	21	40383083	40383083
ENSG00000233756	21	40630767	40630767
ENSG00000288069	21	40736318	40736318
ENSG00000286425	21	41037362	41037362
ENSG00000226496	21	41148198	41148198
ENSG00000182240	21	41167801	41167801
ENSG00000280109	21	41186788	41186788
ENSG00000224388	21	41180097	41180097
ENSG00000183844	21	41304212	41304212
ENSG00000183486	21	41361999	41361999
ENSG00000157601	21	41420304	41420304
ENSG00000228318	21	41445708	41445708
ENSG00000184012	21	41531116	41531116
ENSG00000232806	21	41562958	41562958
ENSG00000223400	21	41581319	41581319
ENSG00000286027	21	41580475	41580475
ENSG00000227702	21	41679181	41679181
ENSG00000236384	21	41715775	41715775
ENSG00000232401	21	41715806	41715806
ENSG00000183421	21	41767089	41767089
ENSG00000236883	21	41739373	41739373
ENSG00000141956	21	41879482	41879482
ENSG00000236545	21	41870633	41870633
ENSG00000227698	21	41877613	41877613
ENSG00000157617	21	41954018	41954018
ENSG00000173276	21	42010387	42010387
ENSG00000237232	21	42009194	42009194
ENSG00000177398	21	42062959	42062959
ENSG00000184385	21	42108534	42108534
ENSG00000160179	21	42199689	42199689
ENSG00000160180	21	42315651	42315651
ENSG00000160181	21	42350997	42350997
ENSG00000160182	21	42366535	42366535
ENSG00000160183	21	42396091	42396091
ENSG00000160185	21	42403447	42403447
ENSG00000160188	21	42496246	42496246
ENSG00000160190	21	42496008	42496008
ENSG00000239930	21	42496539	42496539
ENSG00000231867	21	42508624	42508624
ENSG00000235772	21	42561934	42561934
ENSG00000225431	21	42615058	42615058
ENSG00000235023	21	42651244	42651244
ENSG00000160191	21	42653621	42653621
ENSG00000225731	21	42741758	42741758
ENSG00000283051	21	42779994	42779994
ENSG00000233754	21	42782229	42782229
ENSG00000225218	21	42836477	42836477
ENSG00000160193	21	42879568	42879568
ENSG00000160194	21	42879644	42879644
ENSG00000233056	21	42925646	42925646
ENSG00000224100	21	42965363	42965363
ENSG00000160199	21	42974510	42974510
ENSG00000160200	21	43076943	43076943
ENSG00000160201	21	43107587	43107587
ENSG00000286549	21	43107942	43107942
ENSG00000236663	21	43141092	43141092
ENSG00000228120	21	43162277	43162277
ENSG00000160202	21	43169008	43169008
ENSG00000237864	21	43332039	43332039
ENSG00000237989	21	43362349	43362349
ENSG00000225637	21	43363332	43363332
ENSG00000142178	21	43427131	43427131
ENSG00000188660	21	43446601	43446601
ENSG00000185186	21	43479534	43479534
ENSG00000223975	21	43465309	43465309
ENSG00000160207	21	43659488	43659488
ENSG00000234289	21	43565182	43565182
ENSG00000160208	21	43659560	43659560
ENSG00000160209	21	43719094	43719094
ENSG00000287507	21	43768320	43768320
ENSG00000160213	21	43776445	43776445
ENSG00000160214	21	43789513	43789513
ENSG00000215458	21	43812567	43812567
ENSG00000160216	21	43865223	43865223
ENSG00000160218	21	44012309	44012309
ENSG00000241945	21	44107373	44107373
ENSG00000160221	21	44133610	44133610
ENSG00000225331	21	44160076	44160076
ENSG00000285413	21	44194338	44194338
ENSG00000237604	21	44175489	44175489
ENSG00000232124	21	44207399	44207399
ENSG00000160223	21	44240966	44240966
ENSG00000278158	21	44241847	44241847
ENSG00000275799	21	44244545	44244545
ENSG00000142182	21	44262216	44262216
ENSG00000232010	21	44250813	44250813
ENSG00000160224	21	44285838	44285838
ENSG00000141959	21	44300051	44300051
ENSG00000241728	21	44330221	44330221
ENSG00000160226	21	44339402	44339402
ENSG00000184441	21	44331234	44331234
ENSG00000232969	21	44339376	44339376
ENSG00000260256	21	44348295	44348295
ENSG00000142185	21	44350163	44350163
ENSG00000230061	21	44425272	44425272
ENSG00000229356	21	44455284	44455284
ENSG00000160233	21	44455510	44455510
ENSG00000274225	21	44477850	44477850
ENSG00000228709	21	44485577	44485577
ENSG00000277352	21	44494874	44494874
ENSG00000175894	21	44711572	44711572
ENSG00000235890	21	44506807	44506807
ENSG00000182912	21	44517216	44517216
ENSG00000287088	21	44530172	44530172
ENSG00000215455	21	44540195	44540195
ENSG00000205445	21	44551505	44551505
ENSG00000212935	21	44558795	44558795
ENSG00000215454	21	44573724	44573724
ENSG00000241123	21	44580604	44580604
ENSG00000188155	21	44592505	44592505
ENSG00000272804	21	44600597	44600597
ENSG00000187766	21	44612079	44612079
ENSG00000221837	21	44627093	44627093
ENSG00000221859	21	44637356	44637356
ENSG00000243489	21	44646414	44646414
ENSG00000212933	21	44654659	44654659
ENSG00000205439	21	44657932	44657932
ENSG00000221864	21	44666927	44666927
ENSG00000187175	21	44682163	44682163
ENSG00000189169	21	44697172	44697172
ENSG00000184787	21	44801826	44801826
ENSG00000236519	21	44802577	44802577
ENSG00000184900	21	44818779	44818779
ENSG00000183255	21	44873903	44873903
ENSG00000160255	21	44931989	44931989
ENSG00000227039	21	44921051	44921051
ENSG00000273027	21	44930112	44930112
ENSG00000183250	21	44939937	44939937
ENSG00000272825	21	44936303	44936303
ENSG00000160256	21	44940012	44940012
ENSG00000276529	21	44978832	44978832
ENSG00000234880	21	44994086	44994086
ENSG00000261706	21	44995185	44995185
ENSG00000275874	21	45004727	45004727
ENSG00000197381	21	45073853	45073853
ENSG00000267857	21	45101094	45101094
ENSG00000182586	21	45234308	45234308
ENSG00000186866	21	45287898	45287898
ENSG00000223768	21	45288050	45288050
ENSG00000286262	21	45299929	45299929
ENSG00000184274	21	45305257	45305257
ENSG00000229382	21	45336707	45336707
ENSG00000237664	21	45341990	45341990
ENSG00000228355	21	45379635	45379635
ENSG00000273796	21	45404369	45404369
ENSG00000182871	21	45405165	45405165
ENSG00000224574	21	45410065	45410065
ENSG00000183535	21	45425070	45425070
ENSG00000173638	21	45573365	45573365
ENSG00000233922	21	45593654	45593654
ENSG00000286082	21	45625675	45625675
ENSG00000286594	21	45607386	45607386
ENSG00000183570	21	45643694	45643694
ENSG00000275139	21	45763758	45763758
ENSG00000205424	21	45837987	45837987
ENSG00000286886	21	45888638	45888638
ENSG00000276633	21	45870854	45870854
ENSG00000280604	21	45914296	45914296
ENSG00000274248	21	45974489	45974489
ENSG00000142156	21	45981737	45981737
ENSG00000224413	21	46037052	46037052
ENSG00000228235	21	46052596	46052596
ENSG00000226115	21	46056516	46056516
ENSG00000227438	21	46097530	46097530
ENSG00000142173	21	46098097	46098097
ENSG00000160282	21	46155579	46155579
ENSG00000237338	21	46151614	46151614
ENSG00000160284	21	46184476	46184476
ENSG00000228404	21	46185079	46185079
ENSG00000160285	21	46228824	46228824
ENSG00000223901	21	46220269	46220269
ENSG00000215424	21	46229196	46229196
ENSG00000160294	21	46286297	46286297
ENSG00000228137	21	46246890	46246890
ENSG00000239415	21	46254133	46254133
ENSG00000182362	21	46286342	46286342
ENSG00000160298	21	46323875	46323875
ENSG00000160299	21	46324141	46324141
ENSG00000286224	21	46326288	46326288
ENSG00000160305	21	46458891	46458891
ENSG00000223692	21	46462471	46462471
ENSG00000160307	21	46605208	46605208
ENSG00000160310	21	46635595	46635595
